[gd_scene load_steps=7 format=3 uid="uid://b5xlgyrm4k87"]

[ext_resource type="Script" path="res://src/player.gd" id="1_ui8k6"]
[ext_resource type="ArrayMesh" uid="uid://lxjpy81wn1ql" path="res://res/model/biotank_base.obj" id="2_glcav"]
[ext_resource type="ArrayMesh" uid="uid://dwncr2jm56fnf" path="res://res/model/biotank_top.obj" id="3_hrh5a"]

[sub_resource type="BoxShape3D" id="BoxShape3D_lydtx"]
size = Vector3(3.1874, 0.557503, 0.487472)

[sub_resource type="BoxShape3D" id="BoxShape3D_3wb63"]
size = Vector3(1.12587, 0.746438, 1)

[sub_resource type="SphereShape3D" id="SphereShape3D_brjd1"]

[node name="Player" type="RigidBody3D"]
mass = 155.05
max_contacts_reported = 4
contact_monitor = true
linear_damp = 1.011
angular_damp = 17.167
script = ExtResource("1_ui8k6")

[node name="Base" type="MeshInstance3D" parent="."]
transform = Transform3D(-1, 0, -8.74228e-08, 0, 1, 0, 8.74228e-08, 0, -1, 0.0981878, 0, 0)
mesh = ExtResource("2_glcav")

[node name="top" type="MeshInstance3D" parent="Base"]
transform = Transform3D(1, 2.52182e-09, 3.63869e-11, -2.52182e-09, 0.999584, 0.0288463, 3.63798e-11, -0.0288463, 0.999584, 0, 0, 0)
mesh = ExtResource("3_hrh5a")

[node name="Barrel" type="Marker3D" parent="Base/top"]
transform = Transform3D(-1, 3.10862e-15, 8.74228e-08, 3.10081e-15, 1, 0, -8.74228e-08, 0, -1, -0.035825, 1.10135, 2.73756)

[node name="Camera3D" type="Camera3D" parent="."]
transform = Transform3D(1, 0, 0, 0, 0.9463, 0.32329, 0, -0.32329, 0.9463, 0, 2.97862, 5.02947)
current = true

[node name="Collisions2" type="CollisionShape3D" parent="."]
transform = Transform3D(1, 0, 0, 0, -0.773807, -0.633421, 0, 0.633421, -0.773807, 0.14551, 0.100507, 1.20987)
shape = SubResource("BoxShape3D_lydtx")

[node name="Collisions3" type="CollisionShape3D" parent="."]
transform = Transform3D(1, 0, 0, 0, 0.752622, 0.658453, 0, -0.658453, 0.752622, 0.154738, 0.0920929, -1.18061)
shape = SubResource("BoxShape3D_lydtx")

[node name="CollisionShape3D" type="CollisionShape3D" parent="."]
transform = Transform3D(2.96783, 0, 0, 0, 1, 0, 0, 0, 2.36991, 0.182982, 0.169928, 0)
shape = SubResource("BoxShape3D_3wb63")

[node name="PlayerVisibilityArea" type="Area3D" parent="."]

[node name="PlayerVisibiltyCollision" type="CollisionShape3D" parent="PlayerVisibilityArea"]
transform = Transform3D(4, 0, 0, 0, 4, 0, 0, 0, 4, 0, 0, 0)
shape = SubResource("SphereShape3D_brjd1")
